           1   9.9999999999999995E-007   0.0000000000000000     
           2   1.9999999999999999E-006   0.0000000000000000     
           3   3.0000000000000001E-006   0.0000000000000000     
           4   3.9999999999999998E-006   0.0000000000000000     
           5   4.9999999999999996E-006   0.0000000000000000     
           6   6.0000000000000002E-006   0.0000000000000000     
           7   6.9999999999999999E-006   0.0000000000000000     
           8   7.9999999999999996E-006   0.0000000000000000     
           9   9.0000000000000002E-006   0.0000000000000000     
          10   9.9999999999999991E-006   0.0000000000000000     
          11   1.1000000000000000E-005   0.0000000000000000     
          12   1.2000000000000000E-005   0.0000000000000000     
          13   1.2999999999999999E-005   0.0000000000000000     
          14   1.4000000000000000E-005   0.0000000000000000     
          15   1.4999999999999999E-005   0.0000000000000000     
          16   1.5999999999999999E-005   0.0000000000000000     
          17   1.7000000000000000E-005   0.0000000000000000     
          18   1.8000000000000000E-005   0.0000000000000000     
          19   1.8999999999999998E-005   0.0000000000000000     
          20   1.9999999999999998E-005   0.0000000000000000     
          21   2.0999999999999999E-005   0.0000000000000000     
          22   2.1999999999999999E-005   0.0000000000000000     
          23   2.3000000000000000E-005   0.0000000000000000     
          24   2.4000000000000001E-005   0.0000000000000000     
          25   2.4999999999999998E-005   0.0000000000000000     
          26   2.5999999999999998E-005   0.0000000000000000     
          27   2.6999999999999999E-005   0.0000000000000000     
          28   2.8000000000000000E-005   0.0000000000000000     
          29   2.9000000000000000E-005   0.0000000000000000     
          30   2.9999999999999997E-005   0.0000000000000000     
          31   3.1000000000000001E-005   0.0000000000000000     
          32   3.1999999999999999E-005   0.0000000000000000     
          33   3.2999999999999996E-005   0.0000000000000000     
          34   3.4000000000000000E-005   0.0000000000000000     
          35   3.4999999999999997E-005   0.0000000000000000     
          36   3.6000000000000001E-005   0.0000000000000000     
          37   3.6999999999999998E-005   0.0000000000000000     
          38   3.7999999999999995E-005   0.0000000000000000     
          39   3.8999999999999999E-005   0.0000000000000000     
          40   3.9999999999999996E-005   0.0000000000000000     
          41   4.1000000000000000E-005   0.0000000000000000     
          42   4.1999999999999998E-005   0.0000000000000000     
          43   4.2999999999999995E-005   0.0000000000000000     
          44   4.3999999999999999E-005   0.0000000000000000     
          45   4.4999999999999996E-005   0.0000000000000000     
          46   4.6000000000000000E-005   0.0000000000000000     
          47   4.6999999999999997E-005   0.0000000000000000     
          48   4.8000000000000001E-005   0.0000000000000000     
          49   4.8999999999999998E-005   0.0000000000000000     
          50   4.9999999999999996E-005   0.0000000000000000     
          51   5.1000000000000000E-005   0.0000000000000000     
          52   5.1999999999999997E-005   0.0000000000000000     
          53   5.3000000000000001E-005   0.0000000000000000     
          54   5.3999999999999998E-005   0.0000000000000000     
          55   5.4999999999999995E-005   0.0000000000000000     
          56   5.5999999999999999E-005   0.0000000000000000     
          57   5.6999999999999996E-005   0.0000000000000000     
          58   5.8000000000000000E-005   0.0000000000000000     
          59   5.8999999999999998E-005   0.0000000000000000     
          60   5.9999999999999995E-005   0.0000000000000000     
          61   6.0999999999999999E-005   0.0000000000000000     
          62   6.2000000000000003E-005   0.0000000000000000     
          63   6.3000000000000000E-005   0.0000000000000000     
          64   6.3999999999999997E-005   0.0000000000000000     
          65   6.4999999999999994E-005   0.0000000000000000     
          66   6.5999999999999992E-005   0.0000000000000000     
          67   6.7000000000000002E-005   0.0000000000000000     
          68   6.7999999999999999E-005   0.0000000000000000     
          69   6.8999999999999997E-005   0.0000000000000000     
          70   6.9999999999999994E-005   0.0000000000000000     
          71   7.0999999999999991E-005   0.0000000000000000     
          72   7.2000000000000002E-005   0.0000000000000000     
          73   7.2999999999999999E-005   0.0000000000000000     
          74   7.3999999999999996E-005   0.0000000000000000     
          75   7.4999999999999993E-005   0.0000000000000000     
          76   7.5999999999999991E-005   0.0000000000000000     
          77   7.7000000000000001E-005   0.0000000000000000     
          78   7.7999999999999999E-005   0.0000000000000000     
          79   7.8999999999999996E-005   0.0000000000000000     
          80   7.9999999999999993E-005   0.0000000000000000     
          81   8.0999999999999990E-005   0.0000000000000000     
          82   8.2000000000000001E-005   0.0000000000000000     
          83   8.2999999999999998E-005   0.0000000000000000     
          84   8.3999999999999995E-005   0.0000000000000000     
          85   8.4999999999999993E-005   0.0000000000000000     
          86   8.5999999999999990E-005   0.0000000000000000     
          87   8.7000000000000001E-005   0.0000000000000000     
          88   8.7999999999999998E-005   0.0000000000000000     
          89   8.8999999999999995E-005   0.0000000000000000     
          90   8.9999999999999992E-005   0.0000000000000000     
          91   9.0999999999999989E-005   0.0000000000000000     
          92   9.2000000000000000E-005   0.0000000000000000     
          93   9.2999999999999997E-005   0.0000000000000000     
          94   9.3999999999999994E-005   0.0000000000000000     
          95   9.4999999999999992E-005   0.0000000000000000     
          96   9.6000000000000002E-005   0.0000000000000000     
          97   9.7000000000000000E-005   0.0000000000000000     
          98   9.7999999999999997E-005   0.0000000000000000     
          99   9.8999999999999994E-005   0.0000000000000000     
         100   9.9999999999999991E-005   0.0000000000000000     
         101   1.0100000000000000E-004   0.0000000000000000     
         102   1.0200000000000000E-004   0.0000000000000000     
         103   1.0300000000000000E-004   0.0000000000000000     
         104   1.0399999999999999E-004   0.0000000000000000     
         105   1.0499999999999999E-004   0.0000000000000000     
         106   1.0600000000000000E-004   0.0000000000000000     
         107   1.0700000000000000E-004   0.0000000000000000     
         108   1.0800000000000000E-004   0.0000000000000000     
         109   1.0899999999999999E-004   0.0000000000000000     
         110   1.0999999999999999E-004   0.0000000000000000     
         111   1.1100000000000000E-004   0.0000000000000000     
         112   1.1200000000000000E-004   0.0000000000000000     
         113   1.1300000000000000E-004   0.0000000000000000     
         114   1.1399999999999999E-004   0.0000000000000000     
         115   1.1499999999999999E-004   0.0000000000000000     
         116   1.1600000000000000E-004   0.0000000000000000     
         117   1.1700000000000000E-004   0.0000000000000000     
         118   1.1800000000000000E-004   0.0000000000000000     
         119   1.1899999999999999E-004   0.0000000000000000     
         120   1.1999999999999999E-004   0.0000000000000000     
         121   1.2100000000000000E-004   0.0000000000000000     
         122   1.2200000000000000E-004   0.0000000000000000     
         123   1.2299999999999998E-004   0.0000000000000000     
         124   1.2400000000000001E-004   0.0000000000000000     
         125   1.2500000000000000E-004   0.0000000000000000     
         126   1.2600000000000000E-004   0.0000000000000000     
         127   1.2700000000000000E-004   0.0000000000000000     
         128   1.2799999999999999E-004   0.0000000000000000     
         129   1.2899999999999999E-004   0.0000000000000000     
         130   1.2999999999999999E-004   0.0000000000000000     
         131   1.3099999999999999E-004   0.0000000000000000     
         132   1.3199999999999998E-004   0.0000000000000000     
         133   1.3300000000000001E-004   0.0000000000000000     
         134   1.3400000000000000E-004   0.0000000000000000     
         135   1.3500000000000000E-004   0.0000000000000000     
         136   1.3600000000000000E-004   0.0000000000000000     
         137   1.3700000000000000E-004   0.0000000000000000     
         138   1.3799999999999999E-004   0.0000000000000000     
         139   1.3899999999999999E-004   0.0000000000000000     
         140   1.3999999999999999E-004   0.0000000000000000     
         141   1.4099999999999998E-004   0.0000000000000000     
         142   1.4199999999999998E-004   0.0000000000000000     
         143   1.4300000000000001E-004   0.0000000000000000     
         144   1.4400000000000000E-004   0.0000000000000000     
         145   1.4500000000000000E-004   0.0000000000000000     
         146   1.4600000000000000E-004   0.0000000000000000     
         147   1.4700000000000000E-004   0.0000000000000000     
         148   1.4799999999999999E-004   0.0000000000000000     
         149   1.4899999999999999E-004   0.0000000000000000     
         150   1.4999999999999999E-004   0.0000000000000000     
         151   1.5099999999999998E-004   0.0000000000000000     
         152   1.5199999999999998E-004   0.0000000000000000     
         153   1.5300000000000001E-004   0.0000000000000000     
         154   1.5400000000000000E-004   0.0000000000000000     
         155   1.5500000000000000E-004   0.0000000000000000     
         156   1.5600000000000000E-004   0.0000000000000000     
         157   1.5699999999999999E-004   0.0000000000000000     
         158   1.5799999999999999E-004   0.0000000000000000     
         159   1.5899999999999999E-004   0.0000000000000000     
         160   1.5999999999999999E-004   0.0000000000000000     
         161   1.6099999999999998E-004   0.0000000000000000     
         162   1.6199999999999998E-004   0.0000000000000000     
         163   1.6300000000000000E-004   0.0000000000000000     
         164   1.6400000000000000E-004   0.0000000000000000     
         165   1.6500000000000000E-004   0.0000000000000000     
         166   1.6600000000000000E-004   0.0000000000000000     
         167   1.6699999999999999E-004   0.0000000000000000     
         168   1.6799999999999999E-004   0.0000000000000000     
         169   1.6899999999999999E-004   0.0000000000000000     
         170   1.6999999999999999E-004   0.0000000000000000     
         171   1.7099999999999998E-004   0.0000000000000000     
         172   1.7199999999999998E-004   0.0000000000000000     
         173   1.7300000000000000E-004   0.0000000000000000     
         174   1.7400000000000000E-004   0.0000000000000000     
         175   1.7500000000000000E-004   0.0000000000000000     
         176   1.7600000000000000E-004   0.0000000000000000     
         177   1.7699999999999999E-004   0.0000000000000000     
         178   1.7799999999999999E-004   0.0000000000000000     
         179   1.7899999999999999E-004   0.0000000000000000     
         180   1.7999999999999998E-004   0.0000000000000000     
         181   1.8099999999999998E-004   0.0000000000000000     
         182   1.8199999999999998E-004   0.0000000000000000     
         183   1.8300000000000000E-004   0.0000000000000000     
         184   1.8400000000000000E-004   0.0000000000000000     
         185   1.8500000000000000E-004   0.0000000000000000     
         186   1.8599999999999999E-004   0.0000000000000000     
         187   1.8699999999999999E-004   0.0000000000000000     
         188   1.8799999999999999E-004   0.0000000000000000     
         189   1.8899999999999999E-004   0.0000000000000000     
         190   1.8999999999999998E-004   0.0000000000000000     
         191   1.9099999999999998E-004   0.0000000000000000     
         192   1.9200000000000000E-004   0.0000000000000000     
         193   1.9300000000000000E-004   0.0000000000000000     
         194   1.9400000000000000E-004   0.0000000000000000     
         195   1.9500000000000000E-004   0.0000000000000000     
         196   1.9599999999999999E-004   0.0000000000000000     
         197   1.9699999999999999E-004   0.0000000000000000     
         198   1.9799999999999999E-004   0.0000000000000000     
         199   1.9899999999999999E-004   0.0000000000000000     
         200   1.9999999999999998E-004   0.0000000000000000     
         201   2.0099999999999998E-004   0.0000000000000000     
         202   2.0200000000000000E-004   0.0000000000000000     
         203   2.0300000000000000E-004   0.0000000000000000     
         204   2.0400000000000000E-004   0.0000000000000000     
         205   2.0500000000000000E-004   0.0000000000000000     
         206   2.0599999999999999E-004   0.0000000000000000     
         207   2.0699999999999999E-004   0.0000000000000000     
         208   2.0799999999999999E-004   0.0000000000000000     
         209   2.0899999999999998E-004   0.0000000000000000     
         210   2.0999999999999998E-004   0.0000000000000000     
         211   2.1099999999999998E-004   0.0000000000000000     
         212   2.1200000000000000E-004   0.0000000000000000     
         213   2.1300000000000000E-004   0.0000000000000000     
         214   2.1400000000000000E-004   0.0000000000000000     
         215   2.1499999999999999E-004   0.0000000000000000     
         216   2.1599999999999999E-004   0.0000000000000000     
         217   2.1699999999999999E-004   0.0000000000000000     
         218   2.1799999999999999E-004   0.0000000000000000     
         219   2.1899999999999998E-004   0.0000000000000000     
         220   2.1999999999999998E-004   0.0000000000000000     
         221   2.2099999999999998E-004   0.0000000000000000     
         222   2.2200000000000000E-004   0.0000000000000000     
         223   2.2300000000000000E-004   0.0000000000000000     
         224   2.2400000000000000E-004   0.0000000000000000     
         225   2.2499999999999999E-004   0.0000000000000000     
         226   2.2599999999999999E-004   0.0000000000000000     
         227   2.2699999999999999E-004   0.0000000000000000     
         228   2.2799999999999999E-004   0.0000000000000000     
         229   2.2899999999999998E-004   0.0000000000000000     
         230   2.2999999999999998E-004   0.0000000000000000     
         231   2.3099999999999998E-004   0.0000000000000000     
         232   2.3200000000000000E-004   0.0000000000000000     
         233   2.3300000000000000E-004   0.0000000000000000     
         234   2.3400000000000000E-004   0.0000000000000000     
         235   2.3499999999999999E-004   0.0000000000000000     
         236   2.3599999999999999E-004   0.0000000000000000     
         237   2.3699999999999999E-004   0.0000000000000000     
         238   2.3799999999999998E-004   0.0000000000000000     
         239   2.3899999999999998E-004   0.0000000000000000     
         240   2.3999999999999998E-004   0.0000000000000000     
         241   2.4099999999999998E-004   0.0000000000000000     
         242   2.4200000000000000E-004   0.0000000000000000     
         243   2.4300000000000000E-004   0.0000000000000000     
         244   2.4399999999999999E-004   0.0000000000000000     
         245   2.4499999999999999E-004   0.0000000000000000     
         246   2.4599999999999996E-004   0.0000000000000000     
         247   2.4699999999999999E-004   0.0000000000000000     
         248   2.4800000000000001E-004   0.0000000000000000     
         249   2.4899999999999998E-004   0.0000000000000000     
         250   2.5000000000000001E-004   0.0000000000000000     
         251   2.5099999999999998E-004   0.0000000000000000     
         252   2.5200000000000000E-004   0.0000000000000000     
         253   2.5299999999999997E-004   0.0000000000000000     
         254   2.5399999999999999E-004   0.0000000000000000     
         255   2.5499999999999996E-004   0.0000000000000000     
         256   2.5599999999999999E-004   0.0000000000000000     
         257   2.5700000000000001E-004   0.0000000000000000     
         258   2.5799999999999998E-004   0.0000000000000000     
         259   2.5900000000000001E-004   0.0000000000000000     
         260   2.5999999999999998E-004   0.0000000000000000     
         261   2.6100000000000000E-004   0.0000000000000000     
         262   2.6199999999999997E-004   0.0000000000000000     
         263   2.6300000000000000E-004   0.0000000000000000     
         264   2.6399999999999997E-004   0.0000000000000000     
         265   2.6499999999999999E-004   0.0000000000000000     
         266   2.6600000000000001E-004   0.0000000000000000     
         267   2.6699999999999998E-004   0.0000000000000000     
         268   2.6800000000000001E-004   0.0000000000000000     
         269   2.6899999999999998E-004   0.0000000000000000     
         270   2.7000000000000000E-004   0.0000000000000000     
         271   2.7099999999999997E-004   0.0000000000000000     
         272   2.7200000000000000E-004   0.0000000000000000     
         273   2.7299999999999997E-004   0.0000000000000000     
         274   2.7399999999999999E-004   0.0000000000000000     
         275   2.7499999999999996E-004   0.0000000000000000     
         276   2.7599999999999999E-004   0.0000000000000000     
         277   2.7700000000000001E-004   0.0000000000000000     
         278   2.7799999999999998E-004   0.0000000000000000     
         279   2.7900000000000001E-004   0.0000000000000000     
         280   2.7999999999999998E-004   0.0000000000000000     
         281   2.8100000000000000E-004   0.0000000000000000     
         282   2.8199999999999997E-004   0.0000000000000000     
         283   2.8299999999999999E-004   0.0000000000000000     
         284   2.8399999999999996E-004   0.0000000000000000     
         285   2.8499999999999999E-004   0.0000000000000000     
         286   2.8600000000000001E-004   0.0000000000000000     
         287   2.8699999999999998E-004   0.0000000000000000     
         288   2.8800000000000001E-004   0.0000000000000000     
         289   2.8899999999999998E-004   0.0000000000000000     
         290   2.9000000000000000E-004   0.0000000000000000     
         291   2.9099999999999997E-004   0.0000000000000000     
         292   2.9200000000000000E-004   0.0000000000000000     
         293   2.9299999999999997E-004   0.0000000000000000     
         294   2.9399999999999999E-004   0.0000000000000000     
         295   2.9499999999999996E-004   0.0000000000000000     
         296   2.9599999999999998E-004   0.0000000000000000     
         297   2.9700000000000001E-004   0.0000000000000000     
         298   2.9799999999999998E-004   0.0000000000000000     
         299   2.9900000000000000E-004   0.0000000000000000     
         300   2.9999999999999997E-004   0.0000000000000000     
         301   3.0100000000000000E-004   0.0000000000000000     
         302   3.0199999999999997E-004   0.0000000000000000     
         303   3.0299999999999999E-004   0.0000000000000000     
         304   3.0399999999999996E-004   0.0000000000000000     
         305   3.0499999999999999E-004   0.0000000000000000     
         306   3.0600000000000001E-004   0.0000000000000000     
         307   3.0699999999999998E-004   0.0000000000000000     
         308   3.0800000000000001E-004   0.0000000000000000     
         309   3.0899999999999998E-004   0.0000000000000000     
         310   3.1000000000000000E-004   0.0000000000000000     
         311   3.1099999999999997E-004   0.0000000000000000     
         312   3.1199999999999999E-004   0.0000000000000000     
         313   3.1299999999999996E-004   0.0000000000000000     
         314   3.1399999999999999E-004   0.0000000000000000     
         315   3.1499999999999996E-004   0.0000000000000000     
         316   3.1599999999999998E-004   0.0000000000000000     
         317   3.1700000000000001E-004   0.0000000000000000     
         318   3.1799999999999998E-004   0.0000000000000000     
         319   3.1900000000000000E-004   0.0000000000000000     
         320   3.1999999999999997E-004   0.0000000000000000     
         321   3.2100000000000000E-004   0.0000000000000000     
         322   3.2199999999999997E-004   0.0000000000000000     
         323   3.2299999999999999E-004   0.0000000000000000     
         324   3.2399999999999996E-004   0.0000000000000000     
         325   3.2499999999999999E-004   0.0000000000000000     
         326   3.2600000000000001E-004   0.0000000000000000     
         327   3.2699999999999998E-004   0.0000000000000000     
         328   3.2800000000000000E-004   0.0000000000000000     
         329   3.2899999999999997E-004   7.5416794804686425E-201
         330   3.3000000000000000E-004   8.5150999128002178E-201
         331   3.3099999999999997E-004   9.6106310273627237E-201
         332   3.3199999999999999E-004   1.0843150887106702E-200
         333   3.3299999999999996E-004   1.2229297026007941E-200
         334   3.3399999999999999E-004   1.3787668261438361E-200
         335   3.3500000000000001E-004   1.5539048940830254E-200
         336   3.3599999999999998E-004   1.7506658037683002E-200
         337   3.3700000000000001E-004   1.9716425763503356E-200
         338   3.3799999999999998E-004   2.2197300639142663E-200
         339   3.3900000000000000E-004   2.4981590273659922E-200
         340   3.3999999999999997E-004   2.8105339433979901E-200
         341   3.4099999999999999E-004   3.1608749357198187E-200
         342   3.4199999999999996E-004   3.5536642662602001E-200
         343   3.4299999999999999E-004   3.9938978665880324E-200
         344   3.4399999999999996E-004   4.4871424387394981E-200
         345   3.4499999999999998E-004   5.0395987084024416E-200
         346   3.4600000000000001E-004   5.6581714724506067E-200
         347   3.4699999999999998E-004   6.3505471476460823E-200
         348   3.4800000000000000E-004   7.1252795984797678E-200
         349   3.4899999999999997E-004   7.9918851001962222E-200
         350   3.5000000000000000E-004   8.9609473787034017E-200
         351   3.5099999999999997E-004   1.0044233763003245E-199
         352   3.5199999999999999E-004   1.1254823588779437E-199
         353   3.5299999999999996E-004   1.2607250104676707E-199
         354   3.5399999999999999E-004   1.4117657256533430E-199
         355   3.5500000000000001E-004   1.5803972860375772E-199
         356   3.5599999999999998E-004   1.7686099823451531E-199
         357   3.5700000000000000E-004   1.9786127235152772E-199
         358   3.5799999999999997E-004   2.2128563327649538E-199
         359   3.5900000000000000E-004   2.4740592500843696E-199
         360   3.5999999999999997E-004   2.7652358819373144E-199
         361   3.6099999999999999E-004   3.0897278622543090E-199
         362   3.6199999999999996E-004   3.4512385143018442E-199
         363   3.6299999999999999E-004   3.8538708308888460E-199
         364   3.6399999999999996E-004   4.3021693208419051E-199
         365   3.6499999999999998E-004   4.8011661029814312E-199
         366   3.6600000000000001E-004   5.3564316652106872E-199
         367   3.6699999999999998E-004   5.9741307460690533E-199
         368   3.6800000000000000E-004   6.6610838394944040E-199
         369   3.6899999999999997E-004   7.4248348709148230E-199
         370   3.6999999999999999E-004   8.2737256445011804E-199
         371   3.7099999999999996E-004   9.2169777178363693E-199
         372   3.7199999999999999E-004   1.0264782421819552E-198
         373   3.7299999999999996E-004   1.1428399810764161E-198
         374   3.7399999999999998E-004   1.2720267400868096E-198
         375   3.7500000000000001E-004   1.4154119635051836E-198
         376   3.7599999999999998E-004   1.5745119099162358E-198
         377   3.7700000000000000E-004   1.7510000609342104E-198
         378   3.7799999999999997E-004   1.9467229393642899E-198
         379   3.7900000000000000E-004   2.1637174703461257E-198
         380   3.7999999999999997E-004   2.4042300312865863E-198
         381   3.8099999999999999E-004   2.6707373497257564E-198
         382   3.8199999999999996E-004   2.9659694227956114E-198
         383   3.8299999999999999E-004   3.2929346477279741E-198
         384   3.8400000000000001E-004   3.6549473700536082E-198
         385   3.8499999999999998E-004   4.0556580748286241E-198
         386   3.8600000000000000E-004   4.4990864665530224E-198
         387   3.8699999999999997E-004   4.9896577055487415E-198
         388   3.8800000000000000E-004   5.5322420925911848E-198
         389   3.8899999999999997E-004   6.1321985196975094E-198
         390   3.8999999999999999E-004   6.7954220333469441E-198
         391   3.9099999999999996E-004   7.5283958872251487E-198
         392   3.9199999999999999E-004   8.3382484950580668E-198
         393   3.9299999999999996E-004   9.2328157304436495E-198
         394   3.9399999999999998E-004   1.0220709060047919E-197
         395   3.9500000000000001E-004   1.1311390039355293E-197
         396   3.9599999999999998E-004   1.2515251746637236E-197
         397   3.9700000000000000E-004   1.3843707781221653E-197
         398   3.9799999999999997E-004   1.5309289506834522E-197
         399   3.9899999999999999E-004   1.6925752280099557E-197
         400   3.9999999999999996E-004   1.8708191468584371E-197
         401   4.0099999999999999E-004   2.0673169132501095E-197
         402   4.0199999999999996E-004   2.2838852319718596E-197
         403   4.0299999999999998E-004   2.5225164005623637E-197
         404   4.0400000000000001E-004   2.7853947798060312E-197
         405   4.0499999999999998E-004   3.0749147623661418E-197
         406   4.0600000000000000E-004   3.3937003715926908E-197
         407   4.0699999999999997E-004   3.7446266338059786E-197
         408   4.0800000000000000E-004   4.1308428795526901E-197
         409   4.0899999999999997E-004   4.5557981425293976E-197
         410   4.0999999999999999E-004   5.0232688391520658E-197
         411   4.1099999999999996E-004   5.5373889272014098E-197
         412   4.1199999999999999E-004   6.1026827586894794E-197
         413   4.1299999999999996E-004   6.7241008601681825E-197
         414   4.1399999999999998E-004   7.4070588932468087E-197
         415   4.1500000000000000E-004   8.1574800692140528E-197
         416   4.1599999999999997E-004   8.9818413144997841E-197
         417   4.1700000000000000E-004   9.8872235083907725E-197
         418   4.1799999999999997E-004   1.0881366141080577E-196
         419   4.1899999999999999E-004   1.1972726768940632E-196
         420   4.1999999999999996E-004   1.3170545675008877E-196
         421   4.2099999999999999E-004   1.4484916176290987E-196
         422   4.2199999999999996E-004   1.5926861055737689E-196
         423   4.2299999999999998E-004   1.7508415635918831E-196
         424   4.2400000000000001E-004   1.9242718053668059E-196
         425   4.2499999999999998E-004   2.1144107340572719E-196
         426   4.2600000000000000E-004   2.3228229963376141E-196
         427   4.2699999999999997E-004   2.5512155531421542E-196
         428   4.2800000000000000E-004   2.8014502435500276E-196
         429   4.2899999999999997E-004   3.0755574244168418E-196
         430   4.2999999999999999E-004   3.3757507750132396E-196
         431   4.3099999999999996E-004   3.7044433631005651E-196
         432   4.3199999999999998E-004   4.0642650766032465E-196
         433   4.3299999999999995E-004   4.4580815333639820E-196
         434   4.3399999999999998E-004   4.8890145904407915E-196
         435   4.3500000000000000E-004   5.3604645840672897E-196
         436   4.3599999999999997E-004   5.8761344418069054E-196
         437   4.3700000000000000E-004   6.4400558196373164E-196
         438   4.3799999999999997E-004   7.0566174287671628E-196
         439   4.3899999999999999E-004   7.7305957299749557E-196
         440   4.3999999999999996E-004   8.4671881872364429E-196
         441   4.4099999999999999E-004   9.2720492874485476E-196
         442   4.4199999999999996E-004   1.0151329549238291E-195
         443   4.4299999999999998E-004   1.1111717761253644E-195
         444   4.4400000000000000E-004   1.2160486709051906E-195
         445   4.4499999999999997E-004   1.3305542669835557E-195
         446   4.4600000000000000E-004   1.4555478975928326E-195
         447   4.4699999999999997E-004   1.5919633971152378E-195
         448   4.4799999999999999E-004   1.7408153709277663E-195
         449   4.4899999999999996E-004   1.9032059770586646E-195
         450   4.4999999999999999E-004   2.0803322601477891E-195
         451   4.5099999999999996E-004   2.2734940813049020E-195
         452   4.5199999999999998E-004   2.4841026907925856E-195
         453   4.5300000000000001E-004   2.7136899940383708E-195
         454   4.5399999999999998E-004   2.9639185653237087E-195
         455   4.5500000000000000E-004   3.2365924676224783E-195
         456   4.5599999999999997E-004   3.5336689414899460E-195
         457   4.5700000000000000E-004   3.8572710306563463E-195
         458   4.5799999999999997E-004   4.2097012170786459E-195
         459   4.5899999999999999E-004   4.5934561436774723E-195
         460   4.5999999999999996E-004   5.0112425088551223E-195
         461   4.6099999999999998E-004   5.4659942231889369E-195
         462   4.6199999999999995E-004   5.9608909254453951E-195
         463   4.6299999999999998E-004   6.4993779623029130E-195
         464   4.6400000000000000E-004   7.0851879439327799E-195
         465   4.6499999999999997E-004   7.7223639959108448E-195
         466   4.6600000000000000E-004   8.4152848368505559E-195
         467   4.6699999999999997E-004   9.1686918207062370E-195
         468   4.6799999999999999E-004   9.9877180929374045E-195
         469   4.6899999999999996E-004   1.0877920020694767E-194
         470   4.6999999999999999E-004   1.1845311068942638E-194
         471   4.7099999999999996E-004   1.2896398307016861E-194
         472   4.7199999999999998E-004   1.4038221743597693E-194
         473   4.7300000000000000E-004   1.5278396702505480E-194
         474   4.7399999999999997E-004   1.6625159467177589E-194
         475   4.7500000000000000E-004   1.8087416438219666E-194
         476   4.7599999999999997E-004   1.9674797066120282E-194
         477   4.7699999999999999E-004   2.1397710840157516E-194
         478   4.7799999999999996E-004   2.3267408634782179E-194
         479   4.7899999999999999E-004   2.5296048736441836E-194
         480   4.7999999999999996E-004   2.7496767896985864E-194
         481   4.8099999999999998E-004   2.9883757784591842E-194
         482   4.8199999999999995E-004   3.2472347229656963E-194
         483   4.8299999999999998E-004   3.5279090691449831E-194
         484   4.8400000000000000E-004   3.8321863401612020E-194
         485   4.8499999999999997E-004   4.1619963672990550E-194
         486   4.8600000000000000E-004   4.5194222896892981E-194
         487   4.8699999999999997E-004   4.9067123788837928E-194
         488   4.8799999999999999E-004   5.3262927482400002E-194
         489   4.8899999999999996E-004   5.7807810112946878E-194
         490   4.8999999999999998E-004   6.2730009578173021E-194
         491   4.9100000000000001E-004   6.8059983210469712E-194
         492   4.9199999999999992E-004   7.3830577147611074E-194
         493   4.9299999999999995E-004   8.0077208243127269E-194
         494   4.9399999999999997E-004   8.6838059416341716E-194
         495   4.9500000000000000E-004   9.4154289404629998E-194
         496   4.9600000000000002E-004   1.0207025794720808E-193
         497   4.9699999999999994E-004   1.1063376750101962E-193
         498   4.9799999999999996E-004   1.1989632266532008E-193
         499   4.9899999999999999E-004   1.2991340857264517E-193
         500   5.0000000000000001E-004   1.4074478959039818E-193
         501   5.0099999999999993E-004   1.5245482976953367E-193
         502   5.0199999999999995E-004   1.6511283657525532E-193
         503   5.0299999999999997E-004   1.7879342953952938E-193
         504   5.0400000000000000E-004   1.9357693558715305E-193
         505   5.0500000000000002E-004   2.0954981290630568E-193
         506   5.0599999999999994E-004   2.2680510536166823E-193
         507   5.0699999999999996E-004   2.4544292958366711E-193
         508   5.0799999999999999E-004   2.6557099701171468E-193
         509   5.0900000000000001E-004   2.8730517332320510E-193
         510   5.0999999999999993E-004   3.1077007784381556E-193
         511   5.1099999999999995E-004   3.3609972570927306E-193
         512   5.1199999999999998E-004   3.6343821573458398E-193
         513   5.1300000000000000E-004   3.9294046714480329E-193
         514   5.1400000000000003E-004   4.2477300853214222E-193
         515   5.1499999999999994E-004   4.5911482262872579E-193
         516   5.1599999999999997E-004   4.9615825072323987E-193
         517   5.1699999999999999E-004   5.3610996080400179E-193
         518   5.1800000000000001E-004   5.7919198378175543E-193
         519   5.1899999999999993E-004   6.2564282243348280E-193
         520   5.1999999999999995E-004   6.7571863801506046E-193
         521   5.2099999999999998E-004   7.2969451981663611E-193
         522   5.2200000000000000E-004   7.8786584328157182E-193
         523   5.2300000000000003E-004   8.5054972267870192E-193
         524   5.2399999999999994E-004   9.1808656471009241E-193
         525   5.2499999999999997E-004   9.9084172985380347E-193
         526   5.2599999999999999E-004   1.0692073086847626E-192
         527   5.2700000000000002E-004   1.1536040208887492E-192
         528   5.2799999999999993E-004   1.2444832451857671E-192
         529   5.2899999999999996E-004   1.3423291889122068E-192
         530   5.2999999999999998E-004   1.4476612065774928E-192
         531   5.3100000000000000E-004   1.5610362773131412E-192
         532   5.3200000000000003E-004   1.6830516517714563E-192
         533   5.3299999999999995E-004   1.8143476797107476E-192
         534   5.3399999999999997E-004   1.9556108302259067E-192
         535   5.3499999999999999E-004   2.1075769173495459E-192
         536   5.3600000000000002E-004   2.2710345445637115E-192
         537   5.3699999999999993E-004   2.4468287826264573E-192
         538   5.3799999999999996E-004   2.6358650960360875E-192
         539   5.3899999999999998E-004   2.8391135344303020E-192
         540   5.4000000000000001E-004   3.0576132062529251E-192
         541   5.4099999999999992E-004   3.2924770531187223E-192
         542   5.4199999999999995E-004   3.5448969444731581E-192
         543   5.4299999999999997E-004   3.8161491133805951E-192
         544   5.4400000000000000E-004   4.1075999555879170E-192
         545   5.4500000000000002E-004   4.4207122154028385E-192
         546   5.4599999999999994E-004   4.7570515834040107E-192
         547   5.4699999999999996E-004   5.1182937325677712E-192
         548   5.4799999999999998E-004   5.5062318210579730E-192
         549   5.4900000000000001E-004   5.9227844916897207E-192
         550   5.4999999999999992E-004   6.3700043999463291E-192
         551   5.5099999999999995E-004   6.8500873044118339E-192
         552   5.5199999999999997E-004   7.3653817555823403E-192
         553   5.5300000000000000E-004   7.9183994212485676E-192
         554   5.5400000000000002E-004   8.5118260890022346E-192
         555   5.5499999999999994E-004   9.1485333889222931E-192
         556   5.5599999999999996E-004   9.8315912821497974E-192
         557   5.5699999999999999E-004   1.0564281363869025E-191
         558   5.5800000000000001E-004   1.1350111032192891E-191
         559   5.5899999999999993E-004   1.2192828577602430E-191
         560   5.5999999999999995E-004   1.3096439250934367E-191
         561   5.6099999999999998E-004   1.4065222371447188E-191
         562   5.6200000000000000E-004   1.5103749540248793E-191
         563   5.6300000000000002E-004   1.6216904028334208E-191
         564   5.6399999999999994E-004   1.7409901412687551E-191
         565   5.6499999999999996E-004   1.8688311538352579E-191
         566   5.6599999999999999E-004   2.0058081889084666E-191
         567   5.6700000000000001E-004   2.1525562454188111E-191
         568   5.6799999999999993E-004   2.3097532184417061E-191
         569   5.6899999999999995E-004   2.4781227135407258E-191
         570   5.6999999999999998E-004   2.6584370403013306E-191
         571   5.7100000000000000E-004   2.8515203961186843E-191
         572   5.7200000000000003E-004   3.0582522519642210E-191
         573   5.7299999999999994E-004   3.2795709525560947E-191
         574   5.7399999999999997E-004   3.5164775440991867E-191
         575   5.7499999999999999E-004   3.7700398435430335E-191
         576   5.7600000000000001E-004   4.0413967641354360E-191
         577   5.7699999999999993E-004   4.3317629129243568E-191
         578   5.7799999999999995E-004   4.6424334767879187E-191
         579   5.7899999999999998E-004   4.9747894145505358E-191
         580   5.8000000000000000E-004   5.3303029737799078E-191
         581   5.8100000000000003E-004   5.7105435519524754E-191
         582   5.8199999999999994E-004   6.1171839228327704E-191
         583   5.8299999999999997E-004   6.5520068501341726E-191
         584   5.8399999999999999E-004   7.0169121118198693E-191
         585   5.8500000000000002E-004   7.5139239597695969E-191
         586   5.8599999999999993E-004   8.0451990409779999E-191
         587   5.8699999999999996E-004   8.6130348079760984E-191
         588   5.8799999999999998E-004   9.2198784477750979E-191
         589   5.8900000000000001E-004   9.8683363603343154E-191
         590   5.8999999999999992E-004   1.0561184219348555E-190
         591   5.9099999999999995E-004   1.1301377650048516E-190
         592   5.9199999999999997E-004   1.2092063560708338E-190
         593   5.9299999999999999E-004   1.2936592166671817E-190
         594   5.9400000000000002E-004   1.3838529747938202E-190
         595   5.9499999999999993E-004   1.4801672183707331E-190
         596   5.9599999999999996E-004   1.5830059309771157E-190
         597   5.9699999999999998E-004   1.6927990147263233E-190
         598   5.9800000000000001E-004   1.8100039054051504E-190
         599   5.9899999999999992E-004   1.9351072852981879E-190
         600   5.9999999999999995E-004   2.0686268994268005E-190
         601   6.0099999999999997E-004   2.2111134812575370E-190
         602   6.0200000000000000E-004   2.3631527942788685E-190
         603   6.0300000000000002E-004   2.5253677962069034E-190
         604   6.0399999999999994E-004   2.6984209329634038E-190
         605   6.0499999999999996E-004   2.8830165699724958E-190
         606   6.0599999999999998E-004   3.0799035687473652E-190
         607   6.0700000000000001E-004   3.2898780171872602E-190
         608   6.0799999999999993E-004   3.5137861224772185E-190
         609   6.0899999999999995E-004   3.7525272759820207E-190
         610   6.0999999999999997E-004   4.0070573000508196E-190
         611   6.1100000000000000E-004   4.2783918872037154E-190
         612   6.1200000000000002E-004   4.5676102427548142E-190
         613   6.1299999999999994E-004   4.8758589425421391E-190
         614   6.1399999999999996E-004   5.2043560180836942E-190
         615   6.1499999999999999E-004   5.5543952821618749E-190
         616   6.1600000000000001E-004   5.9273509085597965E-190
         617   6.1699999999999993E-004   6.3246822804310528E-190
         618   6.1799999999999995E-004   6.7479391225848786E-190
         619   6.1899999999999998E-004   7.1987669338100023E-190
         620   6.2000000000000000E-004   7.6789127362492208E-190
         621   6.2100000000000002E-004   8.1902311597698446E-190
         622   6.2199999999999994E-004   8.7346908802601746E-190
         623   6.2299999999999996E-004   9.3143814318189952E-190
         624   6.2399999999999999E-004   9.9315204138952058E-190
         625   6.2500000000000001E-004   1.0588461115585909E-189
         626   6.2599999999999993E-004   1.1287700580509442E-189
         627   6.2699999999999995E-004   1.2031888136944986E-189
         628   6.2799999999999998E-004   1.2823834419269471E-189
         629   6.2900000000000000E-004   1.3666520908136535E-189
         630   6.2999999999999992E-004   1.4563110018324828E-189
         631   6.3099999999999994E-004   1.5516955764748688E-189
         632   6.3199999999999997E-004   1.6531615038766545E-189
         633   6.3299999999999999E-004   1.7610859528656899E-189
         634   6.3400000000000001E-004   1.8758688319949494E-189
         635   6.3499999999999993E-004   1.9979341213217571E-189
         636   6.3599999999999996E-004   2.1277312798952043E-189
         637   6.3699999999999998E-004   2.2657367331257854E-189
         638   6.3800000000000000E-004   2.4124554444344696E-189
         639   6.3899999999999992E-004   2.5684225758128081E-189
         640   6.3999999999999994E-004   2.7342052421724171E-189
         641   6.4099999999999997E-004   2.9104043646213827E-189
         642   6.4199999999999999E-004   3.0976566280782008E-189
         643   6.4300000000000002E-004   3.2966365489202415E-189
         644   6.4399999999999993E-004   3.5080586586653409E-189
         645   6.4499999999999996E-004   3.7326798100021276E-189
         646   6.4599999999999998E-004   3.9713016118173606E-189
         647   6.4700000000000001E-004   4.2247730002193543E-189
         648   6.4799999999999992E-004   4.4939929529238489E-189
         649   6.4899999999999995E-004   4.7799133547559224E-189
         650   6.4999999999999997E-004   5.0835420224271631E-189
         651   6.5099999999999999E-004   5.4059458971753459E-189
         652   6.5200000000000002E-004   5.7482544143013797E-189
         653   6.5299999999999993E-004   6.1116630591102007E-189
         654   6.5399999999999996E-004   6.4974371192573003E-189
         655   6.5499999999999998E-004   6.9069156440220675E-189
         656   6.5600000000000001E-004   7.3415156215764186E-189
         657   6.5699999999999992E-004   7.8027363858896576E-189
         658   6.5799999999999995E-004   8.2921642655141132E-189
         659   6.5899999999999997E-004   8.8114774871272267E-189
         660   6.6000000000000000E-004   9.3624513473722614E-189
         661   6.6100000000000002E-004   9.9469636672349576E-189
         662   6.6199999999999994E-004   1.0567000543927271E-188
         663   6.6299999999999996E-004   1.1224662416017855E-188
         664   6.6399999999999999E-004   1.1922170458354505E-188
         665   6.6500000000000001E-004   1.2661873324173306E-188
         666   6.6599999999999993E-004   1.3446254252675649E-188
         667   6.6699999999999995E-004   1.4277938561289341E-188
         668   6.6799999999999997E-004   1.5159701542806528E-188
         669   6.6900000000000000E-004   1.6094476788622201E-188
         670   6.7000000000000002E-004   1.7085364960371299E-188
         671   6.7099999999999994E-004   1.8135643033395493E-188
         672   6.7199999999999996E-004   1.9248774036657568E-188
         673   6.7299999999999999E-004   2.0428417314963214E-188
         674   6.7400000000000001E-004   2.1678439340660289E-188
         675   6.7499999999999993E-004   2.3002925103350233E-188
         676   6.7599999999999995E-004   2.4406190107586738E-188
         677   6.7699999999999998E-004   2.5892793010038408E-188
         678   6.7800000000000000E-004   2.7467548929177949E-188
         679   6.7899999999999992E-004   2.9135543462210090E-188
         680   6.7999999999999994E-004   3.0902147445692805E-188
         681   6.8099999999999996E-004   3.2773032498121640E-188
         682   6.8199999999999999E-004   3.4754187384661911E-188
         683   6.8300000000000001E-004   3.6851935246209171E-188
         684   6.8399999999999993E-004   3.9072951737058879E-188
         685   6.8499999999999995E-004   4.1424284117664702E-188
         686   6.8599999999999998E-004   4.3913371351264974E-188
         687   6.8700000000000000E-004   4.6548065255579461E-188
         688   6.8799999999999992E-004   4.9336652763300865E-188
         689   6.8899999999999994E-004   5.2287879347763348E-188
         690   6.8999999999999997E-004   5.5410973672941928E-188
         691   6.9099999999999999E-004   5.8715673529857373E-188
         692   6.9200000000000002E-004   6.2212253124500096E-188
         693   6.9299999999999993E-004   6.5911551785588416E-188
         694   6.9399999999999996E-004   6.9825004163821954E-188
         695   6.9499999999999998E-004   7.3964671997789075E-188
         696   6.9600000000000000E-004   7.8343277525371966E-188
         697   6.9699999999999992E-004   8.2974238623323835E-188
         698   6.9799999999999994E-004   8.7871705761729875E-188
         699   6.9899999999999997E-004   9.3050600864266635E-188
         700   6.9999999999999999E-004   9.8526658169608810E-188
         701   7.0100000000000002E-004   1.0431646719393473E-187
         702   7.0199999999999993E-004   1.1043751789933173E-187
         703   7.0299999999999996E-004   1.1690824817797030E-187
         704   7.0399999999999998E-004   1.2374809376720572E-187
         705   7.0500000000000001E-004   1.3097754071633960E-187
         706   7.0599999999999992E-004   1.3861818053155838E-187
         707   7.0699999999999995E-004   1.4669276813167024E-187
         708   7.0799999999999997E-004   1.5522528275360132E-187
         709   7.0899999999999999E-004   1.6424099195329783E-187
         710   7.1000000000000002E-004   1.7376651885463121E-187
         711   7.1099999999999994E-004   1.8382991280619385E-187
         712   7.1199999999999996E-004   1.9446072361352542E-187
         713   7.1299999999999998E-004   2.0569007952224508E-187
         714   7.1400000000000001E-004   2.1755076913597512E-187
         715   7.1499999999999992E-004   2.3007732746161893E-187
         716   7.1599999999999995E-004   2.4330612628373272E-187
         717   7.1699999999999997E-004   2.5727546907925057E-187
         718   7.1800000000000000E-004   2.7202569069385819E-187
         719   7.1900000000000002E-004   2.8759926201172259E-187
         720   7.1999999999999994E-004   3.0404089986123481E-187
         721   7.2099999999999996E-004   3.2139768241086144E-187
         722   7.2199999999999999E-004   3.3971917032110343E-187
         723   7.2300000000000001E-004   3.5905753393112935E-187
         724   7.2399999999999993E-004   3.7946768677164435E-187
         725   7.2499999999999995E-004   4.0100742570925568E-187
         726   7.2599999999999997E-004   4.2373757804182920E-187
         727   7.2700000000000000E-004   4.4772215587930905E-187
         728   7.2799999999999991E-004   4.7302851816001539E-187
         729   7.2899999999999994E-004   4.9972754066877271E-187
         730   7.2999999999999996E-004   5.2789379444020682E-187
         731   7.3099999999999999E-004   5.5760573294843649E-187
         732   7.3200000000000001E-004   5.8894588850289728E-187
         733   7.3299999999999993E-004   6.2200107828951784E-187
         734   7.3399999999999995E-004   6.5686262051680882E-187
         735   7.3499999999999998E-004   6.9362656114754483E-187
         736   7.3600000000000000E-004   7.3239391171901325E-187
         737   7.3699999999999992E-004   7.7327089877786898E-187
         738   7.3799999999999994E-004   8.1636922547988316E-187
         739   7.3899999999999997E-004   8.6180634593004811E-187
         740   7.3999999999999999E-004   9.0970575286505320E-187
         741   7.4100000000000001E-004   9.6019727930754786E-187
         742   7.4199999999999993E-004   1.0134174148504749E-186
         743   7.4299999999999995E-004   1.0695096372598371E-186
         744   7.4399999999999998E-004   1.1286247601155332E-186
         745   7.4500000000000000E-004   1.1909212972428651E-186
         746   7.4599999999999992E-004   1.2565658447213398E-186
         747   7.4699999999999994E-004   1.3257334812932885E-186
         748   7.4799999999999997E-004   1.3986081880319339E-186
         749   7.4899999999999999E-004   1.4753832881677141E-186
         750   7.5000000000000002E-004   1.5562619080121004E-186
         751   7.5099999999999993E-004   1.6414574599606655E-186
         752   7.5199999999999996E-004   1.7311941486015185E-186
         753   7.5299999999999998E-004   1.8257075010011608E-186
         754   7.5400000000000000E-004   1.9252449222884717E-186
         755   7.5499999999999992E-004   2.0300662777074511E-186
         756   7.5599999999999994E-004   2.1404445023621661E-186
         757   7.5699999999999997E-004   2.2566662399318761E-186
         758   7.5799999999999999E-004   2.3790325116918551E-186
         759   7.5900000000000002E-004   2.5078594172346848E-186
         760   7.5999999999999993E-004   2.6434788683493335E-186
         761   7.6099999999999996E-004   2.7862393575801545E-186
         762   7.6199999999999998E-004   2.9365067630555188E-186
         763   7.6300000000000001E-004   3.0946651912467899E-186
         764   7.6399999999999992E-004   3.2611178593916892E-186
         765   7.6499999999999995E-004   3.4362880193932123E-186
         766   7.6599999999999997E-004   3.6206199250850890E-186
         767   7.6700000000000000E-004   3.8145798448388138E-186
         768   7.6800000000000002E-004   4.0186571215740638E-186
         769   7.6899999999999994E-004   4.2333652823253178E-186
         770   7.6999999999999996E-004   4.4592431996124346E-186
         771   7.7099999999999998E-004   4.6968563069613187E-186
         772   7.7200000000000001E-004   4.9467978710244486E-186
         773   7.7299999999999992E-004   5.2096903228578820E-186
         774   7.7399999999999995E-004   5.4861866510236686E-186
         775   7.7499999999999997E-004   5.7769718593028392E-186
         776   7.7600000000000000E-004   6.0827644919266152E-186
         777   7.7699999999999991E-004   6.4043182293593308E-186
         778   7.7799999999999994E-004   6.7424235577995670E-186
         779   7.7899999999999996E-004   7.0979095157025561E-186
         780   7.7999999999999999E-004   7.4716455207721717E-186
         781   7.8100000000000001E-004   7.8645432810186577E-186
         782   7.8199999999999993E-004   8.2775587936349179E-186
         783   7.8299999999999995E-004   8.7116944356069803E-186
         784   7.8399999999999997E-004   9.1680011501419845E-186
         785   7.8500000000000000E-004   9.6475807331753382E-186
         786   7.8599999999999991E-004   1.0151588224400367E-185
         787   7.8699999999999994E-004   1.0681234407456639E-185
         788   7.8799999999999996E-004   1.1237788424110920E-185
         789   7.8899999999999999E-004   1.1822580507474101E-185
         790   7.9000000000000001E-004   1.2437004839511788E-185
         791   7.9099999999999993E-004   1.3082522538332738E-185
         792   7.9199999999999995E-004   1.3760664780973482E-185
         793   7.9299999999999998E-004   1.4473036067640932E-185
         794   7.9400000000000000E-004   1.5221317633630575E-185
         795   7.9499999999999992E-004   1.6007271015401524E-185
         796   7.9599999999999994E-004   1.6832741777566187E-185
         797   7.9699999999999997E-004   1.7699663407837962E-185
         798   7.9799999999999999E-004   1.8610061387282107E-185
         799   7.9900000000000001E-004   1.9566057443523340E-185
         800   7.9999999999999993E-004   2.0569873994889126E-185
         801   8.0099999999999995E-004   2.1623838793805255E-185
         802   8.0199999999999998E-004   2.2730389778109372E-185
         803   8.0300000000000000E-004   2.3892080139316648E-185
         804   8.0399999999999992E-004   2.5111583617249730E-185
         805   8.0499999999999994E-004   2.6391700030841943E-185
         806   8.0599999999999997E-004   2.7735361055333682E-185
         807   8.0699999999999999E-004   2.9145636256513234E-185
         808   8.0800000000000002E-004   3.0625739393096682E-185
         809   8.0899999999999993E-004   3.2179034998806886E-185
         810   8.0999999999999996E-004   3.3809045256196091E-185
         811   8.1099999999999998E-004   3.5519457174755056E-185
         812   8.1200000000000000E-004   3.7314130086381522E-185
         813   8.1299999999999992E-004   3.9197103471817478E-185
         814   8.1399999999999994E-004   4.1172605132237102E-185
         815   8.1499999999999997E-004   4.3245059720749371E-185
         816   8.1599999999999999E-004   4.5419097649200614E-185
         817   8.1699999999999991E-004   4.7699564386289455E-185
         818   8.1799999999999993E-004   5.0091530163679521E-185
         819   8.1899999999999996E-004   5.2600300107472460E-185
         820   8.1999999999999998E-004   5.5231424813135062E-185
         821   8.2100000000000001E-004   5.7990711382706356E-185
         822   8.2199999999999992E-004   6.0884234943893468E-185
         823   8.2299999999999995E-004   6.3918350671471440E-185
         824   8.2399999999999997E-004   6.7099706332232722E-185
         825   8.2500000000000000E-004   7.0435255375615223E-185
         826   8.2599999999999991E-004   7.3932270593033611E-185
         827   8.2699999999999994E-004   7.7598358369888539E-185
         828   8.2799999999999996E-004   8.1441473555198513E-185
         829   8.2899999999999998E-004   8.5469934974830242E-185
         830   8.3000000000000001E-004   8.9692441615350465E-185
         831   8.3099999999999992E-004   9.4118089506626687E-185
         832   8.3199999999999995E-004   9.8756389332451457E-185
         833   8.3299999999999997E-004   1.0361728479964287E-184
         834   8.3400000000000000E-004   1.0871117179732601E-184
         835   8.3499999999999991E-004   1.1404891837936595E-184
         836   8.3599999999999994E-004   1.1964188560427283E-184
         837   8.3699999999999996E-004   1.2550194926827098E-184
         838   8.3799999999999999E-004   1.3164152256868124E-184
         839   8.3900000000000001E-004   1.3807357973625012E-184
         840   8.3999999999999993E-004   1.4481168067661902E-184
         841   8.4099999999999995E-004   1.5186999666274948E-184
         842   8.4199999999999998E-004   1.5926333712178172E-184
         843   8.4300000000000000E-004   1.6700717756157542E-184
         844   8.4399999999999992E-004   1.7511768868396701E-184
         845   8.4499999999999994E-004   1.8361176673368263E-184
         846   8.4599999999999996E-004   1.9250706513377710E-184
         847   8.4699999999999999E-004   2.0182202746053263E-184
         848   8.4800000000000001E-004   2.1157592181282938E-184
         849   8.4899999999999993E-004   2.2178887663321090E-184
         850   8.4999999999999995E-004   2.3248191804014341E-184
         851   8.5099999999999998E-004   2.4367700873330517E-184
         852   8.5200000000000000E-004   2.5539708853624715E-184
         853   8.5299999999999992E-004   2.6766611664325980E-184
         854   8.5399999999999994E-004   2.8050911563997154E-184
         855   8.5499999999999997E-004   2.9395221736991555E-184
         856   8.5599999999999999E-004   3.0802271072219040E-184
         857   8.5700000000000001E-004   3.2274909141828002E-184
         858   8.5799999999999993E-004   3.3816111387917428E-184
         859   8.5899999999999995E-004   3.5428984525714515E-184
         860   8.5999999999999998E-004   3.7116772171980850E-184
         861   8.6100000000000000E-004   3.8882860707759635E-184
         862   8.6199999999999992E-004   4.0730785384928626E-184
         863   8.6299999999999994E-004   4.2664236686398473E-184
         864   8.6399999999999997E-004   4.4687066950174768E-184
         865   8.6499999999999999E-004   4.6803297267910922E-184
         866   8.6599999999999991E-004   4.9017124668984135E-184
         867   8.6699999999999993E-004   5.1332929601563053E-184
         868   8.6799999999999996E-004   5.3755283722577422E-184
         869   8.6899999999999998E-004   5.6288958008968937E-184
         870   8.7000000000000001E-004   5.8938931203079082E-184
         871   8.7099999999999992E-004   6.1710398605527030E-184
         872   8.7199999999999995E-004   6.4608781229455758E-184
         873   8.7299999999999997E-004   6.7639735330549532E-184
         874   8.7399999999999999E-004   7.0809162327797388E-184
         875   8.7499999999999991E-004   7.4123219130541318E-184
         876   8.7599999999999993E-004   7.7588328887959348E-184
         877   8.7699999999999996E-004   8.1211192177742384E-184
         878   8.7799999999999998E-004   8.4998798651386453E-184
         879   8.7900000000000001E-004   8.8958439154172179E-184
         880   8.7999999999999992E-004   9.3097718338610742E-184
         881   8.8099999999999995E-004   9.7424567790854567E-184
         882   8.8199999999999997E-004   1.0194725969030278E-183
         883   8.8300000000000000E-004   1.0667442102343193E-183
         884   8.8399999999999991E-004   1.1161504837365961E-183
         885   8.8499999999999994E-004   1.1677852330990080E-183
         886   8.8599999999999996E-004   1.2217462839732194E-183
         887   8.8699999999999998E-004   1.2781356385471593E-183
         888   8.8800000000000001E-004   1.3370596488382667E-183
         889   8.8899999999999992E-004   1.3986291969693177E-183
         890   8.8999999999999995E-004   1.4629598826998024E-183
         891   8.9099999999999997E-004   1.5301722184961567E-183
         892   8.9200000000000000E-004   1.6003918324350334E-183
         893   8.9299999999999991E-004   1.6737496792446943E-183
         894   8.9399999999999994E-004   1.7503822598013447E-183
         895   8.9499999999999996E-004   1.8304318494089296E-183
         896   8.9599999999999999E-004   1.9140467352036759E-183
         897   8.9700000000000001E-004   2.0013814630370765E-183
         898   8.9799999999999993E-004   2.0925970942046342E-183
         899   8.9899999999999995E-004   2.1878614724013443E-183
         900   8.9999999999999998E-004   2.2873495012991478E-183
         901   9.0100000000000000E-004   2.3912434331565541E-183
         902   9.0199999999999992E-004   2.4997331688858318E-183
         903   9.0299999999999994E-004   2.6130165700191571E-183
         904   9.0399999999999996E-004   2.7312997830314806E-183
         905   9.0499999999999999E-004   2.8547975764952050E-183
         906   9.0600000000000001E-004   2.9837336915591091E-183
         907   9.0699999999999993E-004   3.1183412062626209E-183
         908   9.0799999999999995E-004   3.2588629142153513E-183
         909   9.0899999999999998E-004   3.4055517181913918E-183
         910   9.1000000000000000E-004   3.5586710392086629E-183
         911   9.1099999999999992E-004   3.7184952416841926E-183
         912   9.1199999999999994E-004   3.8853100752785787E-183
         913   9.1299999999999997E-004   4.0594131340650626E-183
         914   9.1399999999999999E-004   4.2411143336825941E-183
         915   9.1499999999999991E-004   4.4307364071563083E-183
         916   9.1599999999999993E-004   4.6286154200940591E-183
         917   9.1699999999999995E-004   4.8351013059936172E-183
         918   9.1799999999999998E-004   5.0505584224225430E-183
         919   9.1900000000000000E-004   5.2753661288602570E-183
         920   9.1999999999999992E-004   5.5099193870211195E-183
         921   9.2099999999999994E-004   5.7546293845071621E-183
         922   9.2199999999999997E-004   6.0099241826701174E-183
         923   9.2299999999999999E-004   6.2762493895949574E-183
         924   9.2399999999999991E-004   6.5540688591498445E-183
         925   9.2499999999999993E-004   6.8438654170824969E-183
         926   9.2599999999999996E-004   7.1461416151779957E-183
         927   9.2699999999999998E-004   7.4614205145307964E-183
         928   9.2800000000000001E-004   7.7902464990214199E-183
         929   9.2899999999999992E-004   8.1331861201278251E-183
         930   9.2999999999999995E-004   8.4908289742432617E-183
         931   9.3099999999999997E-004   8.8637886137135184E-183
         932   9.3199999999999999E-004   9.2527034928519566E-183
         933   9.3299999999999991E-004   9.6582379502349038E-183
         934   9.3399999999999993E-004   1.0081083228627955E-182
         935   9.3499999999999996E-004   1.0521958533941458E-182
         936   9.3599999999999998E-004   1.0981612134665284E-182
         937   9.3700000000000001E-004   1.1460822503283738E-182
         938   9.3799999999999992E-004   1.1960399501226274E-182
         939   9.3899999999999995E-004   1.2481185608965671E-182
         940   9.3999999999999997E-004   1.3024057202931959E-182
         941   9.4100000000000000E-004   1.3589925880972293E-182
         942   9.4199999999999991E-004   1.4179739838146707E-182
         943   9.4299999999999994E-004   1.4794485294715405E-182
         944   9.4399999999999996E-004   1.5435187978238123E-182
         945   9.4499999999999998E-004   1.6102914661776067E-182
         946   9.4600000000000001E-004   1.6798774760256867E-182
         947   9.4699999999999993E-004   1.7523921987136614E-182
         948   9.4799999999999995E-004   1.8279556073569523E-182
         949   9.4899999999999997E-004   1.9066924552372711E-182
         950   9.5000000000000000E-004   1.9887324609157519E-182
         951   9.5099999999999991E-004   2.0742105003079950E-182
         952   9.5199999999999994E-004   2.1632668059752089E-182
         953   9.5299999999999996E-004   2.2560471738943611E-182
         954   9.5399999999999999E-004   2.3527031779799304E-182
         955   9.5499999999999990E-004   2.4533923926390563E-182
         956   9.5599999999999993E-004   2.5582786236521538E-182
         957   9.5699999999999995E-004   2.6675321476810663E-182
         958   9.5799999999999998E-004   2.7813299607177672E-182
         959   9.5900000000000000E-004   2.8998560357973905E-182
         960   9.5999999999999992E-004   3.0233015903107872E-182
         961   9.6099999999999994E-004   3.1518653632637029E-182
         962   9.6199999999999996E-004   3.2857539028415600E-182
         963   9.6299999999999999E-004   3.4251818646517659E-182
         964   9.6399999999999990E-004   3.5703723210281022E-182
         965   9.6499999999999993E-004   3.7215570817955476E-182
         966   9.6599999999999995E-004   3.8789770269072892E-182
         967   9.6699999999999998E-004   4.0428824513807244E-182
         968   9.6800000000000000E-004   4.2135334229734243E-182
         969   9.6899999999999992E-004   4.3912001530558357E-182
         970   9.6999999999999994E-004   4.5761633811532648E-182
         971   9.7099999999999997E-004   4.7687147736457471E-182
         972   9.7199999999999999E-004   4.9691573371320604E-182
         973   9.7299999999999991E-004   5.1778058469809452E-182
         974   9.7399999999999993E-004   5.3949872916112452E-182
         975   9.7499999999999996E-004   5.6210413330608502E-182
         976   9.7599999999999998E-004   5.8563207844243928E-182
         977   9.7700000000000000E-004   6.1011921047588937E-182
         978   9.7799999999999992E-004   6.3560359120778345E-182
         979   9.7900000000000005E-004   6.6212475150750925E-182
         980   9.7999999999999997E-004   6.8972374642419168E-182
         981   9.8099999999999988E-004   7.1844321230646119E-182
         982   9.8200000000000002E-004   7.4832742600113110E-182
         983   9.8299999999999993E-004   7.7942236620430188E-182
         984   9.8399999999999985E-004   8.1177577704087851E-182
         985   9.8499999999999998E-004   8.4543723395093697E-182
         986   9.8599999999999990E-004   8.8045821196421561E-182
         987   9.8700000000000003E-004   9.1689215644681666E-182
         988   9.8799999999999995E-004   9.5479455640678851E-182
         989   9.8899999999999986E-004   9.9422302044865711E-182
         990   9.8999999999999999E-004   1.0352373554695738E-181
         991   9.9099999999999991E-004   1.0778996481932106E-181
         992   9.9200000000000004E-004   1.1222743496407967E-181
         993   9.9299999999999996E-004   1.1684283626417298E-181
         994   9.9399999999999987E-004   1.2164311324902054E-181
         995   9.9500000000000001E-004   1.2663547408573667E-181
         996   9.9599999999999992E-004   1.3182740030725218E-181
         997   9.9700000000000006E-004   1.3722665688908395E-181
         998   9.9799999999999997E-004   1.4284130268684918E-181
         999   9.9899999999999989E-004   1.4867970124709286E-181
        1000   1.0000000000000000E-003   1.5475053200435519E-181
